10,228
10,176
10,179
10,312
10,227
10,107
10,70
8,11
8,12
54,8
54,7
54,6
54,5
54,4
54,3
54,2
54,1
54,0
12,3
12,2
12,1
11,30
11,29
11,28
11,27
11,26
11,24
11,23
11,22
11,21
11,20
11,19
11,18
11,17
11,16
11,15
11,14
11,13
11,12
11,11
11,10
11,9
11,8
11,7
11,5
11,4
11,3
20,2
11,2
20,1
11,1
10,316
10,315
10,314
20,3
10,308
10,307
10,306
10,304
10,302
10,300
10,293
10,292
10,290
19,2
10,289
19,1
10,285
19,3
10,276
10,274
10,273
10,271
10,269
10,263
10,257
10,255
10,244
10,222
10,205
10,184
10,180
10,177
10,169
10,160
10,156
10,146
10,137
10,132
10,129
10,123
10,119
18,1
10,109
18,3
10,106
10,95
14,1
10,90
10,85
14,3
13,1
10,84
10,3
13,3
10,2
10,1
9,7
9,6
9,5
9,4
9,3
9,2
9,1
8,18
8,17
8,16
8,15
8,14
8,9
